Node	Beg	End
2979	19845	19977
4801	19863	19989
4946	19843	19986
5108	19843	19986
5108	1926471	1926549
5108	2014321	2014326
5108	2179476	2179526
5108	2480108	2480266
2821	4041	4270
2821	5208	5526
2821	11451	12231
2821	12915	13338
2821	19858	19989
2821	22347	22716
2821	24351	25947
2821	26796	28653
2821	64631	65040
2821	67956	68916
2821	69609	69975
2821	73896	78750
2821	81660	82308
2821	82713	83488
2821	85125	85794
2821	86373	92088
2821	93126	93303
2821	95544	97935
2821	112308	112971
2821	113620	113883
2821	119790	119896
2821	120895	121155
2821	122973	123729
2821	130629	130760
2821	134773	135267
2821	136985	137477
2821	140692	140821
2821	150685	150871
2821	151312	151494
2821	168337	168418
2821	171571	171922
2821	176899	177973
2821	192678	193391
2821	199480	200993
2821	201581	201969
2821	209336	209635
2821	210614	211797
2821	212081	212755
2821	213473	214385
2821	215457	215954
2821	217263	217400
2821	240686	240977
2821	241823	244964
2821	265208	265457
2821	266043	266516
2821	273371	273476
2821	275472	275973
2821	280095	280484
2821	284864	286229
2821	286580	287447
2821	289483	290183
2821	294722	294836
2821	301079	301266
2821	316145	316423
2821	317252	317678
2821	328113	328389
2821	330317	330791
2821	331808	332481
2821	337155	337722
2821	338673	338799
2821	339327	340176
2821	341496	342945
2821	345687	346037
2821	346597	346620
2821	346896	347040
2821	353019	353115
2821	357141	357606
2821	390751	391076
2821	392591	393739
2821	395144	396494
2821	397558	398017
2821	404110	405646
2821	411130	413467
2821	414187	414449
2821	416623	417440
2821	423766	424744
2821	429382	430023
2821	431923	431962
2821	432467	432688
2821	434244	434632
2821	438601	438997
2821	447976	449757
2821	477901	478066
2821	485419	486631
2821	490694	490783
2821	497335	497681
2821	507205	507916
2821	519607	519754
2821	523550	524772
2821	531961	532504
2821	533617	533836
2821	534706	535117
2821	538639	540415
2821	541795	542005
2821	542977	543131
2821	552535	552751
2821	553720	554203
2821	556252	557284
2821	565254	565489
2821	586736	586880
2821	587628	587695
2821	593068	594126
2821	597445	598411
2821	598816	600386
2821	600962	601210
2821	602800	603978
2821	609196	609562
2821	617836	622879
2821	624658	625378
2821	635113	635536
2821	644161	644845
2821	648418	649729
2821	654892	655615
2821	659815	660361
2821	661718	663397
2821	668089	668614
2821	673079	673333
2821	675250	675646
2821	678037	678337
2821	683071	683707
2821	684181	684337
2821	692001	692205
2821	697762	699445
2821	701116	701608
2821	707842	707899
2821	710395	710714
2821	716110	717322
2821	747877	748258
2821	778819	778945
2821	780271	781729
2821	790072	790695
2821	793825	794482
2821	794782	796171
2821	796567	797192
2821	797537	798028
2821	801574	801625
2821	806090	806713
2821	809548	809791
2821	816532	816643
2821	817798	818713
2821	828182	828221
2821	828636	828746
2821	831766	832486
2821	833368	833895
2821	839686	839764
2821	845053	845560
2821	848503	848821
2821	849464	850200
2821	855727	856257
2821	860819	860971
2821	887989	888553
2821	894340	894991
2821	897208	899050
2821	903031	903475
2821	914995	917283
2821	918796	920068
2821	921691	922846
2821	924181	925027
2821	927751	927808
2821	928993	930106
2821	942073	942853
2821	945263	945388
2821	961673	962785
2821	971918	972227
2821	974102	974279
2821	978662	978924
2821	979402	979748
2821	981842	982214
2821	983973	984068
2821	1004091	1004771
2821	1010049	1010204
2821	1011371	1011962
2821	1012481	1013060
2821	1022547	1022906
2821	1023311	1024013
2821	1029090	1029824
2821	1031333	1031657
2821	1043900	1044176
2821	1061923	1062716
2821	1074884	1076921
2821	1098215	1099964
2821	1110554	1110814
2821	1114264	1114970
2821	1119476	1119857
2821	1120682	1120811
2821	1135007	1135481
2821	1136408	1137235
2821	1138895	1138976
2821	1141722	1142246
2821	1143326	1143765
2821	1147505	1148449
2821	1148870	1148972
2821	1153687	1153964
2821	1159943	1161195
2821	1164395	1164803
2821	1168634	1168881
2821	1177259	1177847
2821	1187243	1187462
2821	1209533	1211776
2821	1212657	1213729
2821	1215305	1217378
2821	1247114	1248368
2821	1259633	1260020
2821	1290074	1290377
2821	1298949	1299020
2821	1339020	1341105
2821	1345176	1346028
2821	1346608	1346837
2821	1373518	1373997
2821	1382319	1382388
2821	1385538	1385778
2821	1388349	1392225
2821	1393795	1394283
2821	1395429	1396311
2821	1398058	1400193
2821	1409088	1410598
2821	1415422	1415584
2821	1417479	1417642
2821	1429966	1430617
2821	1431946	1432039
2821	1434338	1436572
2821	1437649	1438265
2821	1441904	1442243
2821	1475594	1476485
2821	1477627	1477990
2821	1488682	1488791
2821	1497397	1497412
2821	1501372	1501648
2821	1516921	1517503
2821	1522640	1523950
2821	1529045	1529222
2821	1529729	1530158
2821	1531202	1531433
2821	1537275	1537481
2821	1542239	1543220
2821	1550957	1551251
2821	1568178	1569381
2821	1571008	1571079
2821	1587249	1587516
2821	1587852	1589277
2821	1591903	1593798
2821	1594879	1595505
2821	1599739	1600439
2821	1611034	1611268
2821	1612258	1612921
2821	1616149	1616402
2821	1620046	1620116
2821	1621226	1621432
2821	1651432	1653391
2821	1657009	1657174
2821	1658629	1658908
2821	1666103	1666572
2821	1681063	1681401
2821	1682320	1682794
2821	1731425	1731989
2821	1753562	1753603
2821	1756721	1756983
2821	1761118	1761178
2821	1762270	1762583
2821	1764151	1764352
2821	1775890	1775907
2821	1869514	1869736
2821	1953953	1955106
2821	1964461	1964577
2821	1981498	1981561
2821	1999162	1999309
2821	2001322	2001604
2821	2044981	2045327
2821	2068268	2068345
2821	2081605	2082031
2821	2082631	2084032
2821	2085469	2085961
2821	2091265	2091505
2821	2117974	2118658
2821	2122528	2122567
2821	2142183	2142356
2821	2142878	2143304
2821	2162735	2163185
2821	2170869	2171693
2821	2210756	2211461
2821	2212266	2212589
2821	2213849	2215618
2821	2222906	2223677
2821	2224442	2224613
2821	2225639	2226109
2821	2227158	2227685
2821	2229332	2229750
2821	2231704	2231978
2821	2250738	2250899
2821	2269445	2271202
2821	2272643	2272977
2821	2274023	2274181
2821	2277495	2278708
2821	2280266	2280689
2821	2297981	2298180
2821	2304048	2304170
2821	2305463	2306309
2821	2315100	2315519
2821	2325962	2326652
2821	2328923	2329384
2821	2330027	2330870
2821	2332805	2333345
2821	2350355	2350565
2821	2369537	2370113
2821	2371226	2371529
2821	2380875	2381149
2821	2417660	2418065
2821	2423156	2423327
2821	2436045	2436320
2821	2438414	2439389
2821	2440433	2440959
2821	2448002	2449235
2821	2461237	2461679
2821	2462514	2463419
2821	2492343	2493216
2821	2496528	2497638
2821	2504139	2504817
2821	2513528	2514261
2821	2528589	2528659
2821	2548416	2548671
2821	2562348	2563734
2821	2568291	2568633
2821	2571327	2571399
2821	2574086	2574804
2821	2576142	2576673
2821	2593660	2593957
2821	2594372	2595032
2821	2604850	2604869
2821	2608660	2608867
2821	2609197	2609962
2821	2623012	2623078
2821	2624620	2625292
2821	2636701	2637019
2821	2647066	2647417
2821	2648644	2650576
2821	2650999	2652005
2821	2671186	2671363
2821	2679752	2681428
2821	2727256	2727283
2821	2730646	2730715
2821	2736700	2737201
2821	2738653	2738797
2821	2739265	2741664
2821	2746483	2746903
2821	2748521	2748988
2821	2751277	2751304
2821	2781031	2785328
2821	2790610	2791460
2821	2795641	2795741
2821	2804171	2804995
2821	2806328	2806681
2821	2819168	2819915
2821	2822631	2826660
2821	2826989	2827053
2821	2831510	2832269
2821	2833466	2834423
2821	2837906	2838200
2821	2838657	2838944
2821	2843846	2844077
2821	2861687	2861909
2821	2864387	2864523
2821	2873133	2874056
2821	2874608	2875496
2821	2883422	2883620
2821	2886206	2886414
2821	2888873	2890214
2821	2893601	2896568
2821	2897069	2898197
2821	2899322	2899724
2821	2900414	2900518
2821	2901969	2902508
2821	2906855	2907863
2821	2918375	2918546
2821	2918966	2919612
2821	2920667	2921165
2821	2975612	2975894
2821	2976176	2977433
2821	2983007	2983179
2821	3006399	3007166
2821	3011453	3011926
2821	3016172	3016967
2821	3023217	3025271
2821	3027962	3029162
2821	3030755	3031130
2821	3035522	3035774
2821	3040142	3040226
2821	3040622	3040871
2821	3042116	3047969
2821	3077837	3078240
2821	3079946	3080624
2821	3086822	3087743
2821	3089315	3090362
2821	3097103	3097302
2821	3098927	3099103
2821	3115811	3115864
2821	3121607	3121829
2821	3131009	3131096
2821	3141529	3141722
2821	3157307	3157422
2821	3160230	3160505
2821	3172469	3172841
2821	3183377	3183602
2821	3185198	3185594
2821	3204665	3205013
2821	3212174	3212732
2821	3213641	3213749
2821	3216875	3217625
2821	3218894	3219211
2821	3223166	3224867
2821	3226898	3227738
2821	3228330	3228627
2821	3235118	3235151
2821	3242882	3243071
2821	3250106	3250182
2821	3252479	3253463
2821	3260802	3261809
2821	3264320	3264653
2821	3268505	3269030
2821	3272549	3272832
2821	3282376	3283286
2821	3289400	3290237
2821	3302549	3303254
2821	3304811	3305057
2821	3306470	3307355
2821	3310078	3310292
2821	3313277	3313664
2821	3324146	3325188
2821	3325585	3327170
2821	3328154	3328697
2821	3333395	3334205
2821	3336311	3336585
2821	3338378	3338729
2821	3339842	3340175
2821	3343271	3344149
2821	3347717	3348294
2821	3350595	3351449
2821	3354572	3354845
2821	3358475	3358981
2821	3362771	3362948
2821	3364829	3364970
2821	3366947	3367787
2821	3368360	3370507
2821	3372341	3373007
2821	3373874	3373985
2821	3375030	3375233
2821	3383720	3384302
2821	3385061	3385979
2821	3391968	3393137
2821	3405440	3405650
2821	3411414	3412196
2821	3413702	3413786
2821	3416510	3417491
2821	3421367	3421460
2821	3424104	3425292
2821	3427870	3428530
2821	3429796	3431413
2821	3436238	3436455
2821	3443346	3444117
2821	3444981	3446162
2821	3446766	3446790
2821	3451107	3451455
2821	3453306	3453537
2821	3456519	3456669
2821	3458918	3459591
2821	3460512	3460521
2821	3462828	3463035
2821	3471114	3471420
2821	3471738	3471927
2821	3474684	3474858
2821	3481410	3481512
2821	3495408	3495804
2821	3502022	3502692
2821	3508770	3509271
2821	3509715	3510744
2821	3518222	3518347
2821	3520821	3521770
2821	3522690	3523749
2821	3524584	3524904
2821	3525308	3526129
2821	3533952	3534474
2821	3535425	3535650
2821	3536217	3536328
2821	3536991	3537426
2821	3538785	3539973
2821	3540808	3541176
2821	3550333	3551280
2821	3553522	3553912
2821	3555448	3555712
2821	3559238	3559449
2821	3559912	3560503
2821	3562667	3562959
2821	3565102	3565681
2821	3568429	3568596
2821	3571356	3572082
2821	3573171	3573302
2821	3573982	3574990
2821	3576205	3577217
2821	3578479	3578833
2821	3582553	3583156
2821	3588184	3589267
2821	3593620	3594592
2821	3595030	3595396
2821	3596378	3599953
2821	3602855	3603163
2821	3604076	3604666
2821	3616294	3616753
2821	3617338	3617509
2821	3618437	3618850
2821	3624361	3624583
2821	3625813	3626344
2821	3627548	3628264
2821	3638338	3638782
2821	3642724	3643006
2821	3645223	3646096
2821	3646982	3648943
2821	3649528	3649795
2821	3650980	3651850
2821	3657754	3659030
2821	3660169	3660658
2821	3661036	3662607
2821	3664385	3664405
2821	3665684	3666475
2821	3668786	3669547
2821	3676558	3677926
2821	3681064	3681397
2821	3683032	3683353
2821	3684193	3684352
2821	3685384	3685996
2821	3688133	3688939
2821	3696679	3696946
2821	3699788	3700252
2821	3702556	3702919
2821	3706454	3706672
2821	3707317	3708208
2821	3708910	3708973
2821	3719644	3720187
2821	3727795	3728230
2821	3729277	3730305
2821	3735187	3735662
2821	3737773	3738169
2821	3739036	3739303
2821	3753061	3753934
2821	3762013	3762763
2821	3767435	3767596
2821	3774208	3775422
2821	3778765	3781462
2821	3784594	3784777
2821	3785704	3786055
2821	3798403	3798445
2821	3799099	3799402
2821	3800611	3800951
2821	3808948	3809830
2821	3810991	3811378
2821	3813343	3813456
2821	3836641	3836692
2821	3837181	3838202
2821	3842660	3843427
2821	3844102	3844228
2821	3848602	3848883
2821	3851320	3851752
2821	3854038	3854104
2821	3855283	3855685
2821	3857032	3857569
2821	3860023	3860578
2821	3862576	3863422
2821	3866137	3867737
2821	3874850	3875409
2821	3901004	3901231
2821	3906062	3906549
2821	3910004	3910412
2821	3916412	3916464
2821	3917228	3918119
2821	3924734	3925070
2821	3933668	3933848
2821	3959688	3959772
2821	3960652	3960764
2821	3963230	3963533
2821	3964040	3964286
2821	3966806	3967445
2821	3987218	3987476
2821	3989633	3989900
2821	3993223	3993857
2821	3995621	3995726
2821	3997694	3997784
2821	3999386	3999416
2821	4002218	4003088
2821	4018463	4019055
2821	4022402	4023480
2821	4025066	4025397
2821	4028198	4028610
2821	4029200	4029305
2821	4037085	4037870
2821	4039532	4039718
2821	4042521	4042941
2821	4043753	4044821
2821	4045424	4045604
2821	4058997	4059434
2821	4062101	4063686
2821	4079483	4082153
2821	4084076	4084206
2821	4085324	4085567
2821	4087772	4088171
2821	4088826	4088881
2821	4094678	4094936
2821	4111229	4112083
2821	4113827	4114145
2821	4114997	4115723
2821	4127576	4127863
2821	4140399	4140468
2821	4141698	4141811
2821	4154574	4154736
2821	4170231	4170585
3100	19843	19986
3100	218360	218870
3100	265220	265562
3100	286545	287438
3100	353880	354163
3100	396823	396967
3100	397276	397567
3100	413845	413875
3100	531103	531196
3100	541531	541723
3100	552184	552283
3100	553957	554384
3100	610783	610897
3100	622810	622873
3100	624786	625193
3100	635210	635302
3100	692701	692823
3100	703541	703654
3100	809941	810127
3100	828182	828221
3100	844966	845041
3100	859243	859651
3100	860872	860980
3100	897679	898519
3100	976517	976616
3100	979392	979752
3100	1059932	1059953
3100	1102592	1103022
3100	1201139	1201538
3100	1209659	1210109
3100	1304543	1304717
3100	1332429	1332510
3100	1339388	1340064
3100	1358364	1358520
3100	1417870	1419127
3100	1538435	1538618
3100	1565811	1565976
3100	1574025	1574361
3100	1607366	1608317
3100	1612261	1612408
3100	1618117	1618447
3100	1620430	1620643
3100	1665730	1666013
3100	1670020	1670107
3100	1682587	1683022
3100	1743393	1743556
3100	1762478	1762555
3100	1809097	1809242
3100	2019615	2020874
3100	2063770	2064019
3100	2068315	2068345
3100	2075411	2075688
3100	2142320	2143256
3100	2145002	2145132
3100	2222903	2223031
3100	2232737	2233193
3100	2235449	2235521
3100	2268816	2268944
3100	2278351	2278731
3100	2295471	2295542
3100	2303990	2304143
3100	2323071	2323364
3100	2328938	2329094
3100	2394234	2394501
3100	2414210	2414361
3100	2421010	2421327
3100	2483215	2483619
3100	2484664	2485323
3100	2528823	2529567
3100	2553114	2553153
3100	2580897	2581104
3100	2592573	2592811
3100	2623819	2623858
3100	2636882	2637055
3100	2650453	2650612
3100	2726965	2727202
3100	2766064	2766490
3100	2781922	2782081
3100	2791189	2791500
3100	2804207	2804459
3100	2833955	2833985
3100	2861981	2862206
3100	2874620	2874725
3100	2890115	2890163
3100	2890904	2890961
3100	2894270	2894387
3100	2898869	2898963
3100	2916301	2916492
3100	2980286	2980391
3100	3036939	3037394
3100	3042917	3044024
3100	3077019	3077096
3100	3109016	3109070
3100	3109818	3111038
3100	3185888	3186161
3100	3426265	3427460
3100	3448968	3449238
3100	3471429	3471552
3100	3517815	3517896
3100	3522609	3522801
3100	3528693	3528862
3100	3539404	3539565
3100	3540885	3540900
3100	3548034	3548418
3100	3550368	3550554
3100	3555463	3556051
3100	3568455	3568656
3100	3589909	3590089
3100	3599140	3599243
3100	3617302	3617407
3100	3619309	3619429
3100	3624319	3624547
3100	3658144	3658552
3100	3659953	3660722
3100	3751474	3751690
3100	3751996	3752095
3100	3752926	3753475
3100	3762385	3762502
3100	3763138	3763231
3100	3797617	3797695
3100	3849283	3851749
3100	3854605	3854731
3100	3855091	3855205
3100	3862786	3863105
3100	3889313	3889446
3100	3890168	3890225
3100	3937691	3938001
3100	3983394	3983459
3100	4003526	4003589
3100	4023311	4023350
3100	4026315	4026339
3100	4028492	4028519
3100	4079930	4080116
3103	19858	19989
3103	150590	150690
3103	178498	178672
3103	180310	180585
3103	218639	218939
3103	286178	287498
3103	332453	332563
3103	396775	397045
3103	397342	397681
3103	487429	488296
3103	567545	567628
3103	614561	614787
3103	622588	622883
3103	624818	625156
3103	659815	659843
3103	676750	676993
3103	678224	679026
3103	691906	692107
3103	708983	709175
3103	715861	716287
3103	737534	737635
3103	774307	774433
3103	790239	790354
3103	815740	816643
3103	817468	818713
3103	846238	846529
3103	859321	859600
3103	860737	860995
3103	897208	897547
3103	898921	898945
3103	917032	917107
3103	972836	973013
3103	976463	977384
3103	983561	983636
3103	1053629	1053731
3103	1055969	1056000
3103	1056413	1056557
3103	1059204	1059824
3103	1078109	1078142
3103	1182164	1182968
3103	1185197	1185596
3103	1203611	1203698
3103	1209695	1210268
3103	1224956	1225355
3103	1245761	1245851
3103	1278059	1278221
3103	1297844	1297872
3103	1338963	1339767
3103	1355835	1355949
3103	1397073	1397104
3103	1416586	1416886
3103	1439806	1440070
3103	1458577	1458586
3103	1517767	1518400
3103	1523306	1523578
3103	1566270	1566650
3103	1614263	1614691
3103	1653208	1653847
3103	1737092	1737506
3103	1742629	1742792
3103	1762270	1763263
3103	1778134	1778485
3103	1804463	1804806
3103	1868698	1869193
3103	2019538	2019842
3103	2020138	2020441
3103	2069473	2069656
3103	2118598	2118670
3103	2142737	2143139
3103	2144317	2144696
3103	2152130	2152322
3103	2189066	2189129
3103	2222859	2222969
3103	2224601	2224649
3103	2226003	2226081
3103	2250761	2251464
3103	2294669	2294891
3103	2326307	2326403
3103	2329143	2329232
3103	2329643	2329772
3103	2332934	2333396
3103	2372369	2372390
3103	2388199	2388261
3103	2398242	2398317
3103	2404830	2404922
3103	2417504	2418050
3103	2441777	2442002
3103	2482866	2482940
3103	2526912	2527161
3103	2528589	2529552
3103	2553096	2553192
3103	2624623	2624840
3103	2628986	2629513
3103	2670874	2671363
3103	2726173	2726629
3103	2727256	2728300
3103	2737615	2737717
3103	2740207	2740588
3103	2741560	2741663
3103	2747260	2747387
3103	2748706	2749237
3103	2766575	2766625
3103	2791220	2791396
3103	2891552	2892158
3103	2892881	2893262
3103	2893601	2896625
3103	2897408	2897793
3103	2972502	2973041
3103	3034178	3034684
3103	3035451	3035726
3103	3040070	3040096
3103	3042275	3042399
3103	3109427	3111152
3103	3279686	3279908
3103	3280325	3280394
3103	3316199	3316451
3103	3385625	3385832
3103	3411681	3411751
3103	3425763	3425899
3103	3426702	3427797
3103	3449268	3449811
3103	3459486	3459651
3103	3499962	3500214
3103	3503613	3503687
3103	3536934	3537081
3103	3541761	3541773
3103	3549705	3550057
3103	3552082	3552364
3103	3554231	3554966
3103	3555448	3556230
3103	3558799	3558891
3103	3582628	3582976
3103	3589673	3590083
3103	3595366	3595726
3103	3599252	3599332
3103	3657745	3657868
3103	3660046	3660680
3103	3751931	3751966
3103	3754291	3754402
3103	3774343	3774442
3103	3783967	3783982
3103	3812383	3812410
3103	3850306	3850709
3103	3851134	3852436
3103	3854620	3854773
3103	3862924	3863431
3103	3889070	3890339
3103	3901293	3901442
3103	3910792	3910901
3103	3923843	3923966
3103	3938822	3939120
3103	3968852	3968948
3103	3969998	3970193
3103	4002608	4002866
3103	4022564	4022720
3103	4029410	4029727
3103	4080551	4081211
3098	19848	19964
3098	73602	74050
3098	78342	78498
3098	136853	137003
3098	170395	170882
3098	171964	172378
3098	177461	177679
3098	179437	179602
3098	271413	271589
3098	285653	285684
3098	297081	297330
3098	310877	312665
3098	315989	316487
3098	330383	330548
3098	332462	332559
3098	339681	340368
3098	355284	355389
3098	392528	393775
3098	431098	431431
3098	439012	439054
3098	447670	449650
3098	479404	479605
3098	507100	507139
3098	517237	517381
3098	517828	517936
3098	523243	523548
3098	531280	531361
3098	532966	534163
3098	534619	534655
3098	542410	542503
3098	582670	582847
3098	583792	584047
3098	598112	598498
3098	610919	611017
3098	620464	620977
3098	622897	622999
3098	624718	625534
3098	630938	630985
3098	635098	635368
3098	639943	641305
3098	660944	661196
3098	663305	663406
3098	674962	675257
3098	691411	691509
3098	692665	692868
3098	699916	700513
3098	702250	703501
3098	707840	708112
3098	708970	709798
3098	746911	747109
3098	780356	780904
3098	809881	810036
3098	812785	813109
3098	830047	830119
3098	831766	831868
3098	858349	858586
3098	859511	859651
3098	861706	861736
3098	875605	875745
3098	899678	900004
3098	912064	912097
3098	916753	917324
3098	917704	917821
3098	936283	937180
3098	943144	943342
3098	949974	950030
3098	972188	972893
3098	976706	977297
3098	979170	979437
3098	982958	983060
3098	988517	988591
3098	1013094	1013577
3098	1014194	1014422
3098	1022756	1022852
3098	1045239	1045619
3098	1048322	1048544
3098	1062413	1062612
3098	1098581	1098872
3098	1124267	1124306
3098	1141706	1142772
3098	1159142	1159352
3098	1178595	1178708
3098	1193895	1194362
3098	1204325	1205126
3098	1210409	1211090
3098	1212239	1212699
3098	1212977	1213129
3098	1217120	1217816
3098	1253519	1253696
3098	1255299	1255370
3098	1259135	1259877
3098	1278449	1278662
3098	1298888	1299738
3098	1332490	1332717
3098	1339215	1339560
3098	1360770	1360839
3098	1371994	1372071
3098	1372728	1372869
3098	1401957	1402107
3098	1407475	1407495
3098	1413006	1413348
3098	1418123	1418515
3098	1438297	1439144
3098	1474253	1474669
3098	1536667	1536915
3098	1585368	1585707
3098	1610527	1610668
3098	1619170	1619284
3098	1652713	1652830
3098	1731616	1731832
3098	1737163	1737493
3098	1752544	1752610
3098	1753604	1753702
3098	1767931	1768144
3098	1775410	1777750
3098	1785982	1786225
3098	1810540	1811333
3098	1819185	1819324
3098	1870220	1870354
3098	1951163	1951381
3098	1953604	1953832
3098	1957672	1958407
3098	1986067	1986537
3098	2001784	2001800
3098	2020112	2020285
3098	2025139	2025280
3098	2026273	2026436
3098	2062054	2062330
3098	2066371	2066521
3098	2150132	2150186
3098	2170001	2170196
3098	2170689	2171375
3098	2202831	2203119
3098	2215368	2215607
3098	2224098	2224325
3098	2225345	2226084
3098	2227379	2227746
3098	2233013	2233223
3098	2257496	2258303
3098	2259983	2260192
3098	2277599	2277913
3098	2296065	2296124
3098	2297720	2298257
3098	2315292	2315378
3098	2350548	2350667
3098	2370673	2370705
3098	2374682	2374841
3098	2388032	2388137
3098	2404253	2405108
3098	2421158	2421479
3098	2429005	2429336
3098	2431214	2431250
3098	2436224	2436641
3098	2438425	2438435
3098	2440508	2440766
3098	2442193	2443505
3098	2445115	2445143
3098	2448096	2448560
3098	2468707	2468940
3098	2485080	2485316
3098	2491259	2491360
3098	2505021	2505327
3098	2507386	2508306
3098	2523825	2524035
3098	2528910	2529244
3098	2543562	2543693
3098	2553033	2553306
3098	2571562	2571942
3098	2618092	2618162
3098	2624992	2625310
3098	2629093	2629449
3098	2635981	2636351
3098	2637114	2637262
3098	2649154	2649400
3098	2650960	2651617
3098	2654372	2654431
3098	2681200	2681296
3098	2726221	2726376
3098	2726983	2727202
3098	2729744	2729836
3098	2761214	2761235
3098	2773297	2773342
3098	2775301	2775387
3098	2791029	2791395
3098	2821457	2821651
3098	2894126	2894390
3098	2987876	2988446
3098	3028772	3028835
3098	3037109	3037295
3098	3077771	3078041
3098	3113567	3114060
3098	3115508	3115995
3098	3158507	3158704
3098	3159453	3159691
3098	3176418	3176721
3098	3179246	3179588
3098	3182696	3182891
3098	3185315	3185459
3098	3185940	3186035
3098	3191354	3191960
3098	3207228	3207437
3098	3249501	3250028
3098	3290201	3290291
3098	3300387	3300630
3098	3320381	3321377
3098	3324302	3324603
3098	3339971	3340262
3098	3343040	3344132
3098	3346424	3346502
3098	3347289	3348488
3098	3362867	3363170
3098	3385220	3385493
3098	3421458	3421709
3098	3425099	3425379
3098	3426619	3426936
3098	3427922	3428505
3098	3429460	3431226
3098	3432000	3432336
3098	3443319	3443940
3098	3444420	3445905
3098	3449586	3449679
3098	3467752	3468183
3098	3476022	3476307
3098	3493166	3493428
3098	3499596	3500028
3098	3508722	3510519
3098	3517906	3517947
3098	3523032	3523068
3098	3537018	3537252
3098	3539646	3539775
3098	3542133	3542172
3098	3555481	3556171
3098	3567644	3567839
3098	3570661	3571091
3098	3574093	3574246
3098	3576226	3577147
3098	3578449	3578722
3098	3580360	3580465
3098	3598231	3598474
3098	3618805	3618958
3098	3623884	3623974
3098	3627175	3627511
3098	3627800	3628357
3098	3643795	3644179
3098	3645079	3645667
3098	3649405	3649735
3098	3655645	3655870
3098	3658420	3658987
3098	3659944	3660734
3098	3662613	3663898
3098	3664558	3664903
3098	3680596	3681421
3098	3685390	3685567
3098	3687574	3687607
3098	3693679	3693760
3098	3698149	3698299
3098	3701014	3701536
3098	3704194	3704609
3098	3707911	3708133
3098	3709163	3709849
3098	3716695	3717319
3098	3723217	3723427
3098	3724972	3725134
3098	3727576	3727699
3098	3742639	3743416
3098	3746032	3746182
3098	3755038	3755371
3098	3764686	3764857
3098	3775276	3775510
3098	3779590	3779821
3098	3808051	3808089
3098	3811171	3811906
3098	3812488	3812896
3098	3831055	3831097
3098	3831502	3831607
3098	3832465	3832615
3098	3839881	3839920
3098	3850231	3850669
3098	3853138	3853951
3098	3856528	3856963
3098	3866974	3867079
3098	3885632	3885704
3098	3890360	3890727
3098	3891626	3891755
3098	3893960	3894002
3098	3908300	3909302
3098	3910085	3910199
3098	3916109	3916274
3098	3933053	3933176
3098	3934273	3935459
3098	3937640	3937985
3098	3965600	3965810
3098	3972401	3972794
3098	4022540	4023002
3098	4023275	4023440
3098	4026050	4026336
3098	4027751	4028819
3098	4083314	4083446
3098	4086756	4088675
3098	4152039	4152132
1111	4154535	4154703
NODE_12	25953	26133
NODE_12	41403	41766
NODE_12	73098	74082
NODE_12	177199	177975
NODE_12	240623	240761
NODE_12	271796	272279
NODE_12	285677	285755
NODE_12	286253	286514
NODE_12	290813	290858
NODE_12	312353	312578
NODE_12	316450	316568
NODE_12	330368	330659
NODE_12	332594	332867
NODE_12	338376	339291
NODE_12	344889	345126
NODE_12	347299	347826
NODE_12	393332	393754
NODE_12	397841	398170
NODE_12	409237	409483
NODE_12	413896	414134
NODE_12	438718	438832
NODE_12	447880	449752
NODE_12	481033	481358
NODE_12	486058	486334
NODE_12	512992	513208
NODE_12	517486	517663
NODE_12	521236	521347
NODE_12	528397	528694
NODE_12	532729	533321
NODE_12	541187	541444
NODE_12	552439	552634
NODE_12	555787	556486
NODE_12	558764	559024
NODE_12	579316	579467
NODE_12	597700	600323
NODE_12	610973	611074
NODE_12	617686	617698
NODE_12	620476	620961
NODE_12	624145	624241
NODE_12	631085	631627
NODE_12	635356	635572
NODE_12	640462	641767
NODE_12	644545	644854
NODE_12	657151	657377
NODE_12	662893	663388
NODE_12	671881	672751
NODE_12	675046	675784
NODE_12	686299	686716
NODE_12	699463	699913
NODE_12	703069	703444
NODE_12	708076	708691
NODE_12	710467	711349
NODE_12	741787	741953
NODE_12	780370	781109
NODE_12	789757	789979
NODE_12	796156	796249
NODE_12	801430	801694
NODE_12	810178	810496
NODE_12	813490	813613
NODE_12	831526	831922
NODE_12	839348	839758
NODE_12	848938	849025
NODE_12	892858	892933
NODE_12	896542	897160
NODE_12	903841	904000
NODE_12	917785	918169
NODE_12	936277	937162
NODE_12	942986	943774
NODE_12	951158	951212
NODE_12	976160	976463
NODE_12	983240	983464
NODE_12	1012653	1012970
NODE_12	1014140	1014435
NODE_12	1017650	1017738
NODE_12	1018289	1018350
NODE_12	1019613	1019930
NODE_12	1024028	1024223
NODE_12	1045600	1045802
NODE_12	1048091	1048449
NODE_12	1055876	1055954
NODE_12	1063966	1064303
NODE_12	1084757	1084971
NODE_12	1098569	1098716
NODE_12	1141592	1143200
NODE_12	1146362	1146572
NODE_12	1159186	1159325
NODE_12	1202861	1206008
NODE_12	1210164	1211048
NODE_12	1212248	1213653
NODE_12	1216966	1217334
NODE_12	1224722	1224959
NODE_12	1253314	1254035
NODE_12	1254791	1255325
NODE_12	1259118	1259213
NODE_12	1272141	1272216
NODE_12	1291868	1291979
NODE_12	1298930	1299713
NODE_12	1307093	1307531
NODE_12	1315169	1315463
NODE_12	1316877	1317039
NODE_12	1339923	1339977
NODE_12	1374591	1375380
NODE_12	1379142	1379964
NODE_12	1380270	1380285
NODE_12	1401708	1402149
NODE_12	1438351	1438660
NODE_12	1473892	1474132
NODE_12	1476670	1476755
NODE_12	1487866	1488055
NODE_12	1502241	1502281
NODE_12	1523260	1523272
NODE_12	1531733	1532111
NODE_12	1536446	1536465
NODE_12	1537242	1537373
NODE_12	1545090	1545289
NODE_12	1585774	1585887
NODE_12	1593928	1594308
NODE_12	1595229	1595437
NODE_12	1644303	1644445
NODE_12	1651201	1651455
NODE_12	1731571	1731943
NODE_12	1749018	1749076
NODE_12	1752229	1752490
NODE_12	1774840	1775362
NODE_12	1807408	1808821
NODE_12	1810261	1811623
NODE_12	1864651	1865857
NODE_12	1866373	1866490
NODE_12	1943431	1943518
NODE_12	1954411	1954555
NODE_12	1957571	1958224
NODE_12	1963745	1964562
NODE_12	2008054	2008106
NODE_12	2062320	2062333
NODE_12	2082523	2082778
NODE_12	2090879	2091172
NODE_12	2101582	2101708
NODE_12	2145183	2145421
NODE_12	2169714	2170065
NODE_12	2170865	2171356
NODE_12	2204288	2204683
NODE_12	2212403	2212595
NODE_12	2214827	2214887
NODE_12	2216267	2216951
NODE_12	2222561	2222813
NODE_12	2224034	2224280
NODE_12	2224653	2224682
NODE_12	2225964	2226095
NODE_12	2232110	2232365
NODE_12	2233649	2233856
NODE_12	2297900	2298153
NODE_12	2308103	2308223
NODE_12	2315330	2315714
NODE_12	2370161	2370440
NODE_12	2399594	2399774
NODE_12	2404007	2404535
NODE_12	2404913	2405144
NODE_12	2411318	2411830
NODE_12	2429027	2429150
NODE_12	2437134	2437325
NODE_12	2439962	2440616
NODE_12	2441222	2442884
NODE_12	2448020	2448653
NODE_12	2471388	2471550
NODE_12	2471868	2472222
NODE_12	2491181	2491338
NODE_12	2508111	2508435
NODE_12	2512239	2512370
NODE_12	2527083	2527920
NODE_12	2543508	2544165
NODE_12	2548452	2548488
NODE_12	2560461	2561118
NODE_12	2569194	2569287
NODE_12	2569812	2570130
NODE_12	2572386	2573079
NODE_12	2603875	2603965
NODE_12	2604784	2604841
NODE_12	2608873	2609134
NODE_12	2616136	2617066
NODE_12	2622640	2624554
NODE_12	2625030	2625658
NODE_12	2628985	2629414
NODE_12	2635841	2636098
NODE_12	2637907	2638451
NODE_12	2646274	2646388
NODE_12	2647720	2648110
NODE_12	2649082	2649898
NODE_12	2651332	2651560
NODE_12	2663938	2664064
NODE_12	2762341	2762500
NODE_12	2774290	2774488
NODE_12	2775173	2775400
NODE_12	2815895	2818556
NODE_12	3009167	3009236
NODE_12	3010933	3010994
NODE_12	3040838	3040965
NODE_12	3049014	3049425
NODE_12	3071468	3071576
NODE_12	3081347	3081401
NODE_12	3092516	3092711
NODE_12	3105131	3105308
NODE_12	3107103	3107213
NODE_12	3109181	3109477
NODE_12	3109813	3110986
NODE_12	3121310	3121448
NODE_12	3131087	3131681
NODE_12	3137069	3137501
NODE_12	3140441	3140555
NODE_12	3160433	3160812
NODE_12	3172485	3172493
NODE_12	3185333	3185588
NODE_12	3186668	3186680
NODE_12	3199517	3200408
NODE_12	3204026	3204245
NODE_12	3224900	3224975
NODE_12	3225593	3225840
NODE_12	3226961	3227080
NODE_12	3227847	3227918
NODE_12	3234477	3234593
NODE_12	3242714	3242801
NODE_12	3307194	3307292
NODE_12	3314363	3314535
NODE_12	3318677	3318860
NODE_12	3319250	3319472
NODE_12	3319982	3320036
NODE_12	3321155	3321311
NODE_12	3324390	3324485
NODE_12	3325727	3325910
NODE_12	3338552	3339830
NODE_12	3342986	3344099
NODE_12	3347726	3347834
NODE_12	3349670	3350078
NODE_12	3354818	3355226
NODE_12	3371435	3371469
NODE_12	3385421	3385511
NODE_12	3425124	3425337
NODE_12	3426254	3426658
NODE_12	3427940	3428513
NODE_12	3429822	3431100
NODE_12	3443259	3443850
NODE_12	3444276	3444717
NODE_12	3446364	3446982
NODE_12	3448835	3449112
NODE_12	3459453	3459639
NODE_12	3471630	3471772
NODE_12	3474939	3475086
NODE_12	3487774	3487974
NODE_12	3489516	3489768
NODE_12	3503680	3503934
NODE_12	3508788	3509529
NODE_12	3509893	3510345
NODE_12	3539805	3540006
NODE_12	3555771	3555892
NODE_12	3558511	3558794
NODE_12	3565705	3565941
NODE_12	3569190	3569220
NODE_12	3570717	3571086
NODE_12	3571440	3571696
NODE_12	3573354	3573933
NODE_12	3576208	3577230
NODE_12	3598228	3598459
NODE_12	3601963	3602341
NODE_12	3626986	3628264
NODE_12	3649114	3650020
NODE_12	3654973	3655922
NODE_12	3658423	3659059
NODE_12	3659716	3660374
NODE_12	3663583	3664501
NODE_12	3685279	3686098
NODE_12	3687310	3687548
NODE_12	3701110	3701284
NODE_12	3704191	3704551
NODE_12	3707938	3708124
NODE_12	3717193	3717277
NODE_12	3719020	3719284
NODE_12	3720274	3720649
NODE_12	3721951	3722071
NODE_12	3723068	3723419
NODE_12	3725590	3725710
NODE_12	3727411	3727930
NODE_12	3746206	3746327
NODE_12	3750674	3750766
NODE_12	3754558	3755014
NODE_12	3761521	3761864
NODE_12	3764100	3764302
NODE_12	3774073	3774769
NODE_12	3779353	3779359
NODE_12	3780580	3780646
NODE_12	3799144	3799303
NODE_12	3809272	3809611
NODE_12	3811762	3812047
NODE_12	3838688	3838699
NODE_12	3854437	3855001
NODE_12	3855370	3855760
NODE_12	3867148	3867560
NODE_12	3890774	3890914
NODE_12	3892811	3894271
NODE_12	3898751	3898934
NODE_12	3903944	3904352
NODE_12	3905387	3906375
NODE_12	3908753	3908843
NODE_12	3916331	3916548
NODE_12	3917549	3917939
NODE_12	3959327	3959687
NODE_12	3971171	3971279
NODE_12	3999869	4000127
NODE_12	4010009	4010177
NODE_12	4020110	4020260
NODE_12	4022754	4023011
NODE_12	4026854	4029683
NODE_12	4030625	4030928
NODE_12	4031681	4032278
NODE_12	4032638	4033193
NODE_12	4054442	4054757
NODE_12	4059866	4060154
NODE_12	4081983	4082030
NODE_12	4082516	4082927
NODE_12	4087346	4088132
NODE_12	4092207	4092316
NODE_12	4128237	4128515
NODE_12	4143813	4144267
NODE_13	4155387	4155567
NODE_14	13170	13221
NODE_14	24240	25932
NODE_14	26661	27258
NODE_14	27993	28599
NODE_14	37839	37862
NODE_14	42006	42366
NODE_14	47721	48930
NODE_14	64338	65604
NODE_14	74472	75852
NODE_14	76287	77737
NODE_14	78264	78549
NODE_14	81612	83829
NODE_14	84372	84484
NODE_14	85212	85980
NODE_14	86331	92146
NODE_14	92874	94716
NODE_14	109773	109958
NODE_14	140726	140794
NODE_14	141241	141811
NODE_14	150625	150952
NODE_14	161899	162125
NODE_14	168274	168331
NODE_14	176944	176983
NODE_14	192484	192811
NODE_14	193675	193843
NODE_14	199733	199919
NODE_14	202097	202334
NODE_14	204296	204485
NODE_14	209331	209559
NODE_14	214129	214243
NODE_14	215441	215696
NODE_14	241166	241257
NODE_14	242417	243917
NODE_14	266291	266453
NODE_14	272609	273086
NODE_14	284838	285582
NODE_14	285962	286145
NODE_14	289619	290045
NODE_14	292151	292315
NODE_14	294526	294816
NODE_14	327143	327224
NODE_14	327940	329339
NODE_14	330629	330934
NODE_14	331838	332360
NODE_14	335829	336585
NODE_14	337488	337743
NODE_14	338667	338763
NODE_14	340863	343113
NODE_14	346443	346596
NODE_14	353307	353532
NODE_14	355431	355482
NODE_14	356682	356843
NODE_14	390325	390418
NODE_14	395149	396268
NODE_14	397570	397995
NODE_14	411031	411641
NODE_14	414268	414725
NODE_14	422998	425305
NODE_14	428941	429903
NODE_14	432630	432726
NODE_14	477734	477754
NODE_14	485461	486540
NODE_14	489505	489910
NODE_14	494275	494686
NODE_14	496915	497612
NODE_14	507373	507817
NODE_14	519653	519745
NODE_14	523750	524792
NODE_14	530828	531100
NODE_14	531889	532498
NODE_14	532870	533391
NODE_14	538744	539449
NODE_14	540091	541201
NODE_14	549307	549571
NODE_14	578005	578467
NODE_14	578890	579019
NODE_14	593176	594116
NODE_14	600961	601181
NODE_14	608911	610180
NODE_14	617419	620230
NODE_14	620567	620749
NODE_14	621053	621857
NODE_14	624731	625375
NODE_14	644139	644367
NODE_14	648647	649424
NODE_14	656549	656716
NODE_14	660097	660217
NODE_14	661945	663217
NODE_14	664798	665044
NODE_14	678052	678391
NODE_14	683136	683386
NODE_14	691912	691969
NODE_14	692890	692980
NODE_14	697984	699484
NODE_14	710545	710677
NODE_14	717160	717241
NODE_14	748024	748459
NODE_14	778646	778941
NODE_14	785824	786051
NODE_14	794318	796345
NODE_14	833492	833854
NODE_14	845389	845626
NODE_14	848713	848923
NODE_14	849538	850165
NODE_14	878466	878682
NODE_14	915949	917032
NODE_14	918214	918385
NODE_14	918757	921154
NODE_14	922048	922480
NODE_14	923101	923254
NODE_14	924214	924829
NODE_14	937204	937399
NODE_14	942025	942361
NODE_14	945135	945269
NODE_14	961793	962804
NODE_14	963251	963569
NODE_14	974060	974379
NODE_14	977930	978917
NODE_14	1001540	1001645
NODE_14	1022543	1022780
NODE_14	1029254	1029525
NODE_14	1062602	1062737
NODE_14	1072880	1073098
NODE_14	1074677	1076475
NODE_14	1098236	1099628
NODE_14	1111007	1111664
NODE_14	1134909	1135499
NODE_14	1136360	1137089
NODE_14	1141335	1141475
NODE_14	1141928	1142345
NODE_14	1142765	1142846
NODE_14	1160072	1161167
NODE_14	1211044	1211811
NODE_14	1212185	1212225
NODE_14	1212743	1213973
NODE_14	1244808	1245044
NODE_14	1247172	1247942
NODE_14	1257245	1257309
NODE_14	1273128	1273274
NODE_14	1298135	1298342
NODE_14	1299023	1299086
NODE_14	1344915	1346249
NODE_14	1346640	1346850
NODE_14	1373649	1373853
NODE_14	1385616	1385958
NODE_14	1388298	1392069
NODE_14	1393659	1394280
NODE_14	1395219	1396287
NODE_14	1398047	1399995
NODE_14	1401235	1401948
NODE_14	1409055	1409232
NODE_14	1417435	1417486
NODE_14	1429918	1430593
NODE_14	1431787	1431883
NODE_14	1434361	1436573
NODE_14	1437757	1437955
NODE_14	1441961	1441980
NODE_14	1476019	1476172
NODE_14	1477108	1477729
NODE_14	1488508	1489006
NODE_14	1517245	1517473
NODE_14	1522728	1523125
NODE_14	1530098	1530230
NODE_14	1531349	1531421
NODE_14	1532906	1532936
NODE_14	1533806	1534403
NODE_14	1535117	1535264
NODE_14	1542493	1543211
NODE_14	1572855	1573419
NODE_14	1587309	1587477
NODE_14	1588009	1589825
NODE_14	1592613	1593018
NODE_14	1593781	1593801
NODE_14	1594863	1595506
NODE_14	1600163	1600440
NODE_14	1611031	1611142
NODE_14	1616129	1616407
NODE_14	1651543	1652602
NODE_14	1659334	1659967
NODE_14	1666177	1666576
NODE_14	1699453	1699538
NODE_14	1744984	1745123
NODE_14	1755619	1755763
NODE_14	1768498	1768534
NODE_14	1805810	1805953
NODE_14	1896973	1897135
NODE_14	1953640	1954876
NODE_14	2001361	2001661
NODE_14	2045141	2045215
NODE_14	2067043	2067205
NODE_14	2081572	2081977
NODE_14	2082895	2084041
NODE_14	2085301	2085907
NODE_14	2091289	2091484
NODE_14	2120345	2120377
NODE_14	2122492	2122978
NODE_14	2141552	2141723
NODE_14	2153061	2153282
NODE_14	2162832	2163155
NODE_14	2204657	2204900
NODE_14	2206916	2207012
NODE_14	2210861	2211465
NODE_14	2212187	2212598
NODE_14	2213891	2215637
NODE_14	2223065	2223680
NODE_14	2224337	2224580
NODE_14	2225638	2226058
NODE_14	2231684	2231943
NODE_14	2270090	2271023
NODE_14	2272835	2274176
NODE_14	2277677	2278016
NODE_14	2308389	2308457
NODE_14	2315024	2315588
NODE_14	2329275	2329490
NODE_14	2329973	2330456
NODE_14	2349264	2349547
NODE_14	2350256	2350424
NODE_14	2369539	2370102
NODE_14	2370464	2370602
NODE_14	2371208	2371469
NODE_14	2375486	2375744
NODE_14	2380867	2381006
NODE_14	2392790	2393048
NODE_14	2405198	2405576
NODE_14	2409404	2409653
NODE_14	2436251	2436362
NODE_14	2439221	2441043
NODE_14	2461451	2461562
NODE_14	2492364	2493018
NODE_14	2496958	2497632
NODE_14	2504476	2504829
NODE_14	2523945	2524140
NODE_14	2545068	2545215
NODE_14	2562396	2562504
NODE_14	2563008	2563484
NODE_14	2574328	2574771
NODE_14	2593696	2593963
NODE_14	2594538	2595052
NODE_14	2603954	2604055
NODE_14	2609305	2609764
NODE_14	2618590	2618936
NODE_14	2640649	2640694
NODE_14	2650000	2650516
NODE_14	2680189	2680470
NODE_14	2736730	2737250
NODE_14	2739220	2741560
NODE_14	2748499	2749285
NODE_14	2749960	2750479
NODE_14	2772037	2772100
NODE_14	2780977	2781730
NODE_14	2782348	2784334
NODE_14	2785132	2785412
NODE_14	2795662	2795738
NODE_14	2804220	2805207
NODE_14	2809424	2809883
NODE_14	2823194	2824019
NODE_14	2825390	2827106
NODE_14	2831750	2832521
NODE_14	2843927	2844210
NODE_14	2886239	2886398
NODE_14	2888864	2890208
NODE_14	2894519	2894876
NODE_14	2898812	2898887
NODE_14	2901726	2902409
NODE_14	2907629	2907864
NODE_14	2975642	2977577
NODE_14	3006770	3007208
NODE_14	3035489	3035810
NODE_14	3042149	3045110
NODE_14	3045839	3045857
NODE_14	3046577	3048326
NODE_14	3077834	3077915
NODE_14	3079982	3080330
NODE_14	3089141	3090099
NODE_14	3092733	3093056
NODE_14	3096575	3097232
NODE_14	3118007	3118050
NODE_14	3129383	3129431
NODE_14	3160247	3160373
NODE_14	3183395	3183584
NODE_14	3217585	3217634
NODE_14	3218903	3218984
NODE_14	3227246	3227828
NODE_14	3250086	3250262
NODE_14	3282806	3283223
NODE_14	3286767	3286919
NODE_14	3290840	3290955
NODE_14	3304832	3305255
NODE_14	3309290	3309365
NODE_14	3322766	3322853
NODE_14	3329261	3329552
NODE_14	3333848	3334240
NODE_14	3336170	3336281
NODE_14	3338906	3339085
NODE_14	3339773	3340187
NODE_14	3349292	3349445
NODE_14	3358467	3358982
NODE_14	3364352	3365006
NODE_14	3368531	3369083
NODE_14	3370196	3370361
NODE_14	3372887	3372980
NODE_14	3383627	3384098
NODE_14	3392471	3392843
NODE_14	3404639	3404714
NODE_14	3405392	3405728
NODE_14	3416711	3416972
NODE_14	3423546	3423867
NODE_14	3424875	3425212
NODE_14	3431415	3431859
NODE_14	3456307	3456516
NODE_14	3474069	3474453
NODE_14	3477957	3478107
NODE_14	3502059	3502434
NODE_14	3506322	3506472
NODE_14	3508692	3509148
NODE_14	3509538	3510024
NODE_14	3520798	3521676
NODE_14	3526404	3526576
NODE_14	3534375	3534537
NODE_14	3538935	3539559
NODE_14	3548272	3548367
NODE_14	3552412	3552547
NODE_14	3553594	3553975
NODE_14	3556165	3556669
NODE_14	3559939	3560547
NODE_14	3574885	3574963
NODE_14	3578638	3578902
NODE_14	3588217	3589063
NODE_14	3593488	3594615
NODE_14	3598987	3599069
NODE_14	3604305	3604603
NODE_14	3618566	3618760
NODE_14	3623098	3623354
NODE_14	3625748	3626082
NODE_14	3626623	3627055
NODE_14	3627535	3627637
NODE_14	3638551	3638785
NODE_14	3644665	3645007
NODE_14	3647231	3648934
NODE_14	3651274	3651853
NODE_14	3660500	3662893
NODE_14	3665858	3666076
NODE_14	3668520	3668596
NODE_14	3676537	3676756
NODE_14	3682846	3683009
NODE_14	3685526	3685702
NODE_14	3688154	3688393
NODE_14	3691444	3691864
NODE_14	3703027	3703054
NODE_14	3706006	3706663
NODE_14	3707464	3707746
NODE_14	3718540	3719089
NODE_14	3729064	3729952
NODE_14	3737518	3738208
NODE_14	3767449	3767598
NODE_14	3774874	3775297
NODE_14	3780181	3781521
NODE_14	3783589	3784153
NODE_14	3785674	3786319
NODE_14	3833584	3833683
NODE_14	3837760	3838040
NODE_14	3840781	3840884
NODE_14	3843343	3843499
NODE_14	3854158	3854455
NODE_14	3857182	3857443
NODE_14	3859600	3859702
NODE_14	3863344	3863539
NODE_14	3866014	3866581
NODE_14	3867178	3867514
NODE_14	3871453	3871861
NODE_14	3886161	3886391
NODE_14	3890207	3890660
NODE_14	3900324	3900338
NODE_14	3900753	3901010
NODE_14	3905660	3905963
NODE_14	3906387	3906623
NODE_14	3911363	3911600
NODE_14	3917978	3918272
NODE_14	3932734	3932807
NODE_14	3959732	3960056
NODE_14	3964922	3965286
NODE_14	3967250	3967449
NODE_14	4019793	4019846
NODE_14	4025228	4025378
NODE_14	4036145	4036583
NODE_14	4037210	4037972
NODE_14	4039610	4040246
NODE_14	4041566	4041704
NODE_14	4043744	4044767
NODE_14	4045445	4045614
NODE_14	4058546	4059518
NODE_14	4063154	4063637
NODE_14	4079789	4080085
NODE_14	4114082	4114133
NODE_14	4114695	4115612
NODE_14	4140423	4140438
NODE_14	4148638	4148706
NODE_14	4154445	4154799
NODE_15	1	1317
NODE_15	3813	4008
NODE_15	6063	6285
NODE_15	7705	8135
NODE_15	9333	10095
NODE_15	12855	13186
NODE_15	17799	17826
NODE_15	20448	28638
NODE_15	29638	35037
NODE_15	36294	46092
NODE_15	46520	62661
NODE_15	64332	78765
NODE_15	79655	84075
NODE_15	84420	94626
NODE_15	95484	99951
NODE_15	102073	102558
NODE_15	103362	105147
NODE_15	106665	109960
NODE_15	110976	112575
NODE_15	116067	117348
NODE_15	124257	124908
NODE_15	127988	128700
NODE_15	129711	131209
NODE_15	132108	132447
NODE_15	133211	135498
NODE_15	136486	144190
NODE_15	145013	146701
NODE_15	147010	148444
NODE_15	150471	151525
NODE_15	154663	155458
NODE_15	157151	158560
NODE_15	159122	162535
NODE_15	162952	163669
NODE_15	165761	166510
NODE_15	168132	169670
NODE_15	170086	174091
NODE_15	175660	180658
NODE_15	182176	183152
NODE_15	185617	186098
NODE_15	188809	195998
NODE_15	196982	198116
NODE_15	199415	202343
NODE_15	203357	206397
NODE_15	206894	219374
NODE_15	230540	230772
NODE_15	231995	234167
NODE_15	238964	239605
NODE_15	240266	245066
NODE_15	251507	252818
NODE_15	257549	261152
NODE_15	261938	263369
NODE_15	264755	267743
NODE_15	269971	273497
NODE_15	274593	277092
NODE_15	278399	280874
NODE_15	281610	282380
NODE_15	283232	291668
NODE_15	292268	292793
NODE_15	294485	301055
NODE_15	302003	303488
NODE_15	305231	306505
NODE_15	308216	318422
NODE_15	320228	322997
NODE_15	324571	327236
NODE_15	327542	329588
NODE_15	330080	332864
NODE_15	335373	335595
NODE_15	336210	343374
NODE_15	343788	348315
NODE_15	351135	352224
NODE_15	352725	358042
NODE_15	358578	358948
NODE_15	387226	387940
NODE_15	389575	391234
NODE_15	392528	394105
NODE_15	395075	398189
NODE_15	403860	418529
NODE_15	423110	425227
NODE_15	426229	427750
NODE_15	428272	428539
NODE_15	428866	436765
NODE_15	437086	439135
NODE_15	447691	449707
NODE_15	467275	467653
NODE_15	468970	469240
NODE_15	475009	475438
NODE_15	477076	484777
NODE_15	485293	490816
NODE_15	493834	498541
NODE_15	500128	501520
NODE_15	503212	503611
NODE_15	506953	507916
NODE_15	509776	510727
NODE_15	512197	516433
NODE_15	516784	519869
NODE_15	520663	524773
NODE_15	525939	535201
NODE_15	538627	543179
NODE_15	548809	559615
NODE_15	563092	564034
NODE_15	565246	568681
NODE_15	571156	572248
NODE_15	576721	585559
NODE_15	586510	590046
NODE_15	591539	596659
NODE_15	597466	607018
NODE_15	607795	612910
NODE_15	613987	615115
NODE_15	616904	622402
NODE_15	622834	623183
NODE_15	623506	625822
NODE_15	626872	628209
NODE_15	629627	632431
NODE_15	635083	636985
NODE_15	638410	638665
NODE_15	639973	641824
NODE_15	643561	643779
NODE_15	644136	646093
NODE_15	648310	649930
NODE_15	654235	656099
NODE_15	656440	657433
NODE_15	658729	663412
NODE_15	664759	665764
NODE_15	666175	669340
NODE_15	671813	679034
NODE_15	681256	681712
NODE_15	682212	687739
NODE_15	689077	692904
NODE_15	696523	703677
NODE_15	705883	706227
NODE_15	707503	709816
NODE_15	710212	711684
NODE_15	714577	718030
NODE_15	737534	740025
NODE_15	741649	742550
NODE_15	744589	745134
NODE_15	746893	748567
NODE_15	750266	752546
NODE_15	754201	754831
NODE_15	763677	764418
NODE_15	766609	768692
NODE_15	771531	771586
NODE_15	773323	774454
NODE_15	776477	776890
NODE_15	778630	779578
NODE_15	780325	781729
NODE_15	783004	783349
NODE_15	785836	786047
NODE_15	788095	788347
NODE_15	788993	789196
NODE_15	789790	798197
NODE_15	798544	798712
NODE_15	800179	801970
NODE_15	806158	806942
NODE_15	808751	810571
NODE_15	812657	816952
NODE_15	817363	818698
NODE_15	828022	834265
NODE_15	835138	835457
NODE_15	839348	842845
NODE_15	843187	849028
NODE_15	849466	850226
NODE_15	852565	853085
NODE_15	855860	856587
NODE_15	858148	861886
NODE_15	874591	875845
NODE_15	877600	882757
NODE_15	885862	888262
NODE_15	889531	889648
NODE_15	890749	902166
NODE_15	902473	904564
NODE_15	908848	910194
NODE_15	911154	912364
NODE_15	913594	921250
NODE_15	921649	925123
NODE_15	927214	929035
NODE_15	929452	930081
NODE_15	934154	937563
NODE_15	938893	946009
NODE_15	949692	950369
NODE_15	951096	952460
NODE_15	954986	955614
NODE_15	956719	956909
NODE_15	957288	957626
NODE_15	960224	962792
NODE_15	963512	963590
NODE_15	971918	973298
NODE_15	974144	974820
NODE_15	976142	977379
NODE_15	977987	979835
NODE_15	981790	984857
NODE_15	988496	988594
NODE_15	993668	994193
NODE_15	996284	996467
NODE_15	999017	1007318
NODE_15	1008890	1015131
NODE_15	1016615	1020149
NODE_15	1020897	1027775
NODE_15	1029005	1035588
NODE_15	1036226	1043312
NODE_15	1043825	1047206
NODE_15	1048121	1049373
NODE_15	1050913	1051757
NODE_15	1052558	1054190
NODE_15	1054699	1056557
NODE_15	1057722	1061273
NODE_15	1061837	1064303
NODE_15	1065216	1065881
NODE_15	1067289	1068636
NODE_15	1069103	1069607
NODE_15	1070873	1072199
NODE_15	1072627	1082563
NODE_15	1083860	1086300
NODE_15	1087013	1087676
NODE_15	1091333	1093835
NODE_15	1095638	1095775
NODE_15	1096478	1100792
NODE_15	1102337	1103504
NODE_15	1106597	1113056
NODE_15	1114039	1120913
NODE_15	1123890	1125447
NODE_15	1127288	1127900
NODE_15	1130210	1143482
NODE_15	1144039	1144358
NODE_15	1151417	1157084
NODE_15	1158212	1159679
NODE_15	1160216	1164876
NODE_15	1165759	1176191
NODE_15	1176810	1183844
NODE_15	1185116	1186034
NODE_15	1186469	1188462
NODE_15	1191326	1191435
NODE_15	1192031	1194532
NODE_15	1197780	1198319
NODE_15	1199416	1200128
NODE_15	1200740	1206734
NODE_15	1208150	1221502
NODE_15	1222906	1225493
NODE_15	1244381	1248533
NODE_15	1249313	1254089
NODE_15	1254467	1260032
NODE_15	1264240	1265702
NODE_15	1266493	1267532
NODE_15	1269047	1270538
NODE_15	1271903	1274312
NODE_15	1277051	1277273
NODE_15	1278095	1279730
NODE_15	1281947	1284605
NODE_15	1289940	1294067
NODE_15	1296365	1299829
NODE_15	1301780	1305853
NODE_15	1306871	1307798
NODE_15	1310798	1311593
NODE_15	1312043	1312082
NODE_15	1312859	1313899
NODE_15	1315169	1315463
NODE_15	1316393	1317552
NODE_15	1323048	1323181
NODE_15	1328712	1329930
NODE_15	1332018	1332747
NODE_15	1335105	1335640
NODE_15	1338960	1342179
NODE_15	1344879	1348011
NODE_15	1349274	1350006
NODE_15	1353030	1354245
NODE_15	1355224	1359528
NODE_15	1360395	1361613
NODE_15	1371127	1372104
NODE_15	1372672	1376051
NODE_15	1379082	1382649
NODE_15	1384230	1386363
NODE_15	1388308	1392165
NODE_15	1393596	1394272
NODE_15	1395489	1400611
NODE_15	1401048	1403691
NODE_15	1407486	1407976
NODE_15	1408711	1413364
NODE_15	1414567	1415500
NODE_15	1416488	1417314
NODE_15	1417762	1419157
NODE_15	1428901	1433220
NODE_15	1434362	1436605
NODE_15	1437673	1442455
NODE_15	1443556	1444408
NODE_15	1451359	1453276
NODE_15	1454092	1455824
NODE_15	1457962	1460760
NODE_15	1465279	1465483
NODE_15	1467830	1471345
NODE_15	1473103	1478086
NODE_15	1479181	1480048
NODE_15	1482604	1483567
NODE_15	1486888	1488997
NODE_15	1489559	1491328
NODE_15	1494469	1495697
NODE_15	1496740	1497531
NODE_15	1499476	1502317
NODE_15	1503304	1503601
NODE_15	1505750	1506238
NODE_15	1506843	1512460
NODE_15	1514421	1518965
NODE_15	1520642	1527215
NODE_15	1528400	1539522
NODE_15	1540418	1543227
NODE_15	1543566	1546689
NODE_15	1549415	1549779
NODE_15	1550832	1551374
NODE_15	1552646	1553775
NODE_15	1556303	1558325
NODE_15	1560153	1561197
NODE_15	1562891	1563239
NODE_15	1564070	1564845
NODE_15	1565631	1569222
NODE_15	1571014	1571545
NODE_15	1572717	1574361
NODE_15	1578739	1579538
NODE_15	1584710	1585914
NODE_15	1587263	1587867
NODE_15	1588173	1589880
NODE_15	1591195	1594317
NODE_15	1594866	1596949
NODE_15	1597405	1600392
NODE_15	1601023	1602183
NODE_15	1605841	1608349
NODE_15	1610365	1615210
NODE_15	1616266	1620724
NODE_15	1621227	1622506
NODE_15	1643396	1644581
NODE_15	1645300	1646620
NODE_15	1647466	1647934
NODE_15	1648978	1649894
NODE_15	1651201	1656040
NODE_15	1656781	1660084
NODE_15	1661238	1662118
NODE_15	1662565	1664026
NODE_15	1665707	1666527
NODE_15	1667278	1667710
NODE_15	1668355	1668766
NODE_15	1669675	1670759
NODE_15	1671409	1673428
NODE_15	1674785	1675957
NODE_15	1677178	1683604
NODE_15	1685452	1687876
NODE_15	1692756	1694746
NODE_15	1695508	1696123
NODE_15	1697447	1699672
NODE_15	1701151	1702222
NODE_15	1704670	1705798
NODE_15	1724947	1728967
NODE_15	1731337	1737760
NODE_15	1739663	1758323
NODE_15	1758982	1764439
NODE_15	1767806	1768499
NODE_15	1770529	1771354
NODE_15	1772997	1773379
NODE_15	1773803	1774147
NODE_15	1774840	1779009
NODE_15	1782866	1783009
NODE_15	1785718	1786597
NODE_15	1804402	1806503
NODE_15	1807394	1809904
NODE_15	1810273	1811752
NODE_15	1813858	1814376
NODE_15	1817230	1817906
NODE_15	1819018	1820329
NODE_15	1826109	1826809
NODE_15	1829722	1831594
NODE_15	1862023	1862198
NODE_15	1864615	1871809
NODE_15	1880189	1880912
NODE_15	1882409	1883338
NODE_15	1884565	1888024
NODE_15	1890064	1890858
NODE_15	1894433	1897769
NODE_15	1943128	1943596
NODE_15	1950723	1951408
NODE_15	1953679	1956336
NODE_15	1957324	1959586
NODE_15	1963627	1964584
NODE_15	1972101	1972408
NODE_15	1981201	1983196
NODE_15	1985782	1987444
NODE_15	1989521	1990755
NODE_15	1998719	2002093
NODE_15	2003059	2004493
NODE_15	2007745	2008107
NODE_15	2010235	2010558
NODE_15	2011890	2013004
NODE_15	2014351	2014909
NODE_15	2017561	2021385
NODE_15	2022555	2023357
NODE_15	2024473	2028001
NODE_15	2029132	2030461
NODE_15	2042686	2045395
NODE_15	2045877	2046317
NODE_15	2049415	2050183
NODE_15	2055676	2056567
NODE_15	2062033	2065555
NODE_15	2066099	2069770
NODE_15	2070589	2071045
NODE_15	2075281	2075688
NODE_15	2079283	2080019
NODE_15	2081407	2081998
NODE_15	2082551	2084358
NODE_15	2085082	2086399
NODE_15	2090879	2091493
NODE_15	2092486	2092633
NODE_15	2093454	2093801
NODE_15	2095885	2097421
NODE_15	2099621	2102026
NODE_15	2106493	2107046
NODE_15	2109610	2111023
NODE_15	2113798	2114722
NODE_15	2117011	2118723
NODE_15	2120116	2123530
NODE_15	2127565	2128093
NODE_15	2129284	2130559
NODE_15	2131670	2132743
NODE_15	2135077	2135449
NODE_15	2138930	2139348
NODE_15	2141099	2143280
NODE_15	2144303	2146619
NODE_15	2147657	2148773
NODE_15	2149934	2150175
NODE_15	2151440	2152409
NODE_15	2153000	2154134
NODE_15	2155427	2157311
NODE_15	2162333	2163281
NODE_15	2164979	2165961
NODE_15	2169686	2171690
NODE_15	2173856	2175257
NODE_15	2177051	2177370
NODE_15	2186241	2190230
NODE_15	2190935	2191235
NODE_15	2193183	2194279
NODE_15	2197547	2200866
NODE_15	2202737	2203151
NODE_15	2204138	2204954
NODE_15	2206874	2207135
NODE_15	2210954	2215649
NODE_15	2216129	2217832
NODE_15	2222337	2226095
NODE_15	2227124	2229765
NODE_15	2231639	2233220
NODE_15	2233556	2233841
NODE_15	2234468	2235775
NODE_15	2242052	2243731
NODE_15	2244589	2245463
NODE_15	2247563	2248652
NODE_15	2249360	2251241
NODE_15	2252231	2253404
NODE_15	2257628	2258918
NODE_15	2259383	2260487
NODE_15	2262619	2264099
NODE_15	2265809	2267258
NODE_15	2267705	2270774
NODE_15	2271585	2274146
NODE_15	2277335	2279196
NODE_15	2279834	2280680
NODE_15	2284157	2284726
NODE_15	2294474	2302763
NODE_15	2303513	2308571
NODE_15	2314973	2315924
NODE_15	2316255	2318591
NODE_15	2319596	2320543
NODE_15	2322627	2323531
NODE_15	2325329	2326925
NODE_15	2327339	2327580
NODE_15	2328867	2333492
NODE_15	2338595	2339183
NODE_15	2343145	2343956
NODE_15	2344986	2346082
NODE_15	2348870	2350841
NODE_15	2351768	2352206
NODE_15	2358855	2361726
NODE_15	2367605	2372838
NODE_15	2374805	2376911
NODE_15	2380113	2381149
NODE_15	2383145	2383292
NODE_15	2384576	2388284
NODE_15	2390001	2390232
NODE_15	2392166	2394956
NODE_15	2395335	2395904
NODE_15	2396417	2396588
NODE_15	2398253	2399863
NODE_15	2403419	2406272
NODE_15	2409494	2410957
NODE_15	2411291	2412244
NODE_15	2413022	2414999
NODE_15	2415788	2418318
NODE_15	2419877	2420570
NODE_15	2421024	2422025
NODE_15	2422752	2423840
NODE_15	2424239	2425241
NODE_15	2428841	2429964
NODE_15	2431169	2431286
NODE_15	2432570	2433096
NODE_15	2434355	2438102
NODE_15	2438425	2445884
NODE_15	2448170	2449431
NODE_15	2453898	2458385
NODE_15	2461200	2461673
NODE_15	2462612	2463455
NODE_15	2464812	2465100
NODE_15	2468707	2470494
NODE_15	2471388	2472432
NODE_15	2476028	2476317
NODE_15	2477788	2478009
NODE_15	2480774	2481597
NODE_15	2482467	2485905
NODE_15	2486967	2488456
NODE_15	2490553	2493792
NODE_15	2494314	2495043
NODE_15	2496474	2497636
NODE_15	2498265	2498711
NODE_15	2499146	2501532
NODE_15	2502576	2508510
NODE_15	2509017	2509998
NODE_15	2511867	2514996
NODE_15	2523618	2524545
NODE_15	2526862	2530405
NODE_15	2531377	2532268
NODE_15	2533734	2534073
NODE_15	2537932	2540469
NODE_15	2541301	2545376
NODE_15	2546382	2549013
NODE_15	2551425	2551971
NODE_15	2552431	2553323
NODE_15	2560455	2561115
NODE_15	2562003	2573171
NODE_15	2573832	2574845
NODE_15	2575602	2577868
NODE_15	2578680	2581308
NODE_15	2586923	2588170
NODE_15	2591545	2594988
NODE_15	2602798	2610685
NODE_15	2611972	2612608
NODE_15	2614537	2619340
NODE_15	2621347	2622826
NODE_15	2623252	2625658
NODE_15	2626891	2627872
NODE_15	2628985	2630424
NODE_15	2632642	2632807
NODE_15	2633695	2633857
NODE_15	2635841	2641522
NODE_15	2644626	2651740
NODE_15	2654176	2654431
NODE_15	2663080	2664238
NODE_15	2664856	2666761
NODE_15	2667199	2667508
NODE_15	2670836	2672596
NODE_15	2674732	2674921
NODE_15	2675314	2676802
NODE_15	2678934	2682922
NODE_15	2683775	2684305
NODE_15	2724164	2730976
NODE_15	2733610	2733832
NODE_15	2736670	2738713
NODE_15	2739301	2741669
NODE_15	2746186	2750440
NODE_15	2751283	2751836
NODE_15	2753309	2755462
NODE_15	2761184	2761600
NODE_15	2762283	2764043
NODE_15	2765715	2766694
NODE_15	2768549	2769328
NODE_15	2770681	2775394
NODE_15	2780899	2794033
NODE_15	2794558	2796301
NODE_15	2797411	2798293
NODE_15	2799061	2802482
NODE_15	2804100	2809210
NODE_15	2809709	2811656
NODE_15	2813213	2819478
NODE_15	2820482	2827100
NODE_15	2831492	2838041
NODE_15	2839438	2839445
NODE_15	2840000	2840732
NODE_15	2843648	2844874
NODE_15	2847041	2847878
NODE_15	2849052	2852336
NODE_15	2852932	2853209
NODE_15	2855045	2855987
NODE_15	2859611	2865875
NODE_15	2867687	2867834
NODE_15	2868869	2876931
NODE_15	2879370	2886953
NODE_15	2888868	2893109
NODE_15	2893697	2895569
NODE_15	2896808	2899748
NODE_15	2900180	2901023
NODE_15	2901551	2913698
NODE_15	2914550	2914892
NODE_15	2915822	2924591
NODE_15	2926735	2930615
NODE_15	2957933	2959152
NODE_15	2960201	2969303
NODE_15	2969954	2977712
NODE_15	2978934	2989559
NODE_15	2990897	2992709
NODE_15	2993414	3012141
NODE_15	3012848	3013058
NODE_15	3015711	3022155
NODE_15	3023250	3033413
NODE_15	3034223	3036029
NODE_15	3036536	3037394
NODE_15	3038264	3038999
NODE_15	3039806	3041021
NODE_15	3042123	3052849
NODE_15	3053444	3057836
NODE_15	3058271	3059402
NODE_15	3060680	3062049
NODE_15	3062645	3066497
NODE_15	3067496	3069344
NODE_15	3070064	3074787
NODE_15	3075828	3085775
NODE_15	3086200	3088160
NODE_15	3089084	3095069
NODE_15	3095949	3101006
NODE_15	3101432	3103148
NODE_15	3103947	3143025
NODE_15	3144633	3146671
NODE_15	3148469	3157756
NODE_15	3158507	3163232
NODE_15	3164154	3174689
NODE_15	3176564	3177600
NODE_15	3178586	3186965
NODE_15	3190646	3192929
NODE_15	3193395	3196044
NODE_15	3199481	3207608
NODE_15	3210069	3214232
NODE_15	3216443	3221600
NODE_15	3222551	3225812
NODE_15	3226826	3235059
NODE_15	3235609	3236384
NODE_15	3238616	3241293
NODE_15	3241694	3255233
NODE_15	3257766	3258224
NODE_15	3258921	3261890
NODE_15	3262337	3266348
NODE_15	3267864	3269259
NODE_15	3269822	3272833
NODE_15	3274841	3276164
NODE_15	3278987	3283280
NODE_15	3284540	3292931
NODE_15	3295341	3311144
NODE_15	3313259	3327479
NODE_15	3328148	3334223
NODE_15	3336113	3336593
NODE_15	3338384	3340295
NODE_15	3341870	3352127
NODE_15	3354527	3355352
NODE_15	3356159	3358101
NODE_15	3358409	3361254
NODE_15	3362297	3381361
NODE_15	3381810	3388124
NODE_15	3390170	3390554
NODE_15	3391967	3393266
NODE_15	3404087	3406466
NODE_15	3406895	3408110
NODE_15	3409052	3417122
NODE_15	3417731	3419071
NODE_15	3419393	3426360
NODE_15	3426729	3432462
NODE_15	3434295	3434530
NODE_15	3436158	3437949
NODE_15	3441809	3442407
NODE_15	3443148	3448434
NODE_15	3448866	3456735
NODE_15	3458564	3460681
NODE_15	3461397	3463518
NODE_15	3464545	3468348
NODE_15	3469881	3470175
NODE_15	3471246	3480249
NODE_15	3480942	3485352
NODE_15	3485847	3486273
NODE_15	3486996	3496572
NODE_15	3497190	3500184
NODE_15	3500607	3503902
NODE_15	3505233	3508301
NODE_15	3508668	3513820
NODE_15	3514701	3518661
NODE_15	3520434	3526590
NODE_15	3528492	3530058
NODE_15	3530463	3530808
NODE_15	3531168	3532122
NODE_15	3532674	3533090
NODE_15	3533734	3537767
NODE_15	3538089	3542436
NODE_15	3542811	3547269
NODE_15	3548028	3548426
NODE_15	3549051	3569532
NODE_15	3569986	3574996
NODE_15	3576178	3577230
NODE_15	3578392	3578899
NODE_15	3579859	3583225
NODE_15	3584483	3585535
NODE_15	3587428	3591073
NODE_15	3591973	3594607
NODE_15	3595024	3600207
NODE_15	3600592	3601108
NODE_15	3601714	3602845
NODE_15	3603389	3605206
NODE_15	3609664	3610906
NODE_15	3612583	3612720
NODE_15	3614705	3615007
NODE_15	3615667	3619417
NODE_15	3620248	3630247
NODE_15	3630956	3631561
NODE_15	3632059	3632566
NODE_15	3633166	3634021
NODE_15	3638254	3638817
NODE_15	3642427	3650020
NODE_15	3650908	3651856
NODE_15	3654831	3655924
NODE_15	3657880	3666598
NODE_15	3667384	3669764
NODE_15	3675535	3677726
NODE_15	3678586	3692311
NODE_15	3693198	3703273
NODE_15	3704203	3704609
NODE_15	3705124	3708208
NODE_15	3708913	3709996
NODE_15	3714929	3718029
NODE_15	3718615	3720738
NODE_15	3721129	3722141
NODE_15	3722662	3723493
NODE_15	3724269	3726490
NODE_15	3726940	3730378
NODE_15	3732916	3733135
NODE_15	3733489	3734848
NODE_15	3735973	3741589
NODE_15	3742532	3744608
NODE_15	3745942	3746311
NODE_15	3747055	3748309
NODE_15	3748642	3750058
NODE_15	3750358	3755402
NODE_15	3755911	3756049
NODE_15	3758161	3758866
NODE_15	3760786	3763260
NODE_15	3764143	3767597
NODE_15	3768416	3768543
NODE_15	3769969	3772954
NODE_15	3773896	3775510
NODE_15	3778056	3778300
NODE_15	3780025	3782698
NODE_15	3783340	3785304
NODE_15	3785635	3787015
NODE_15	3794873	3795199
NODE_15	3796318	3801959
NODE_15	3803220	3803731
NODE_15	3805114	3809900
NODE_15	3810610	3813409
NODE_15	3814417	3816496
NODE_15	3830021	3830077
NODE_15	3831343	3832024
NODE_15	3832469	3832813
NODE_15	3833244	3834020
NODE_15	3836067	3852416
NODE_15	3852976	3857705
NODE_15	3859342	3860706
NODE_15	3861172	3863701
NODE_15	3864391	3872284
NODE_15	3873464	3876602
NODE_15	3880020	3881799
NODE_15	3884387	3892760
NODE_15	3893303	3895437
NODE_15	3895850	3898934
NODE_15	3900129	3906830
NODE_15	3908219	3911618
NODE_15	3912012	3912802
NODE_15	3914747	3919534
NODE_15	3923120	3928628
NODE_15	3930402	3939374
NODE_15	3941295	3941708
NODE_15	3955619	3956831
NODE_15	3957236	3958246
NODE_15	3959017	3971306
NODE_15	3972338	3973103
NODE_15	3977462	3979124
NODE_15	3980216	3981041
NODE_15	3981658	3982370
NODE_15	3982862	3988493
NODE_15	3989447	3989919
NODE_15	3990986	3991385
NODE_15	3993210	3993692
NODE_15	3995144	3998522
NODE_15	3999392	4010715
NODE_15	4014506	4015102
NODE_15	4016240	4021104
NODE_15	4021505	4038875
NODE_15	4039523	4041119
NODE_15	4041434	4050566
NODE_15	4051602	4052219
NODE_15	4054403	4055665
NODE_15	4058289	4060364
NODE_15	4061471	4063652
NODE_15	4065645	4066364
NODE_15	4068899	4069475
NODE_15	4074938	4076474
NODE_15	4079291	4084211
NODE_15	4085339	4088880
NODE_15	4091804	4093433
NODE_15	4094360	4094903
NODE_15	4100171	4101005
NODE_15	4102868	4105551
NODE_15	4106528	4107146
NODE_15	4108538	4112227
NODE_15	4113767	4116050
NODE_15	4117736	4121765
NODE_15	4122684	4128773
NODE_15	4129220	4129467
NODE_15	4133285	4133422
NODE_15	4135454	4135514
NODE_15	4136967	4138307
NODE_15	4138758	4138938
NODE_15	4140225	4140650
NODE_15	4141041	4141803
NODE_15	4143336	4144249
NODE_15	4146996	4147248
NODE_15	4148010	4148097
NODE_15	4151292	4152493
NODE_15	4152933	4153029
NODE_15	4153482	4155597
NODE_15	4170204	4170558
NODE_16	4153575	4153654
NODE_16	4170833	4170867
NODE_18	19845	19977
